500 0.40209 0.415151 0.401532 0.005098 0.005099 0.005029 0.7592 0.77743 0.803342 0.005168 0.005168 0.005168 0.381276 0.37981 0.385537
1000 1.61492 1.6115 1.62638 0.010127 0.009918 0.009917 3.10441 3.08918 3.12075 0.010197 0.009848 0.009918 1.57295 1.59223 1.56981
2500 9.94133 11.1006 9.92338 0.023677 0.023607 0.023677 19.5234 19.3631 19.4841 0.024026 0.023817 0.023817 9.7105 9.73201 9.66489
5000 39.1009 39.0442 39.5165 0.047075 0.047493 0.047494 77.6181 77.5357 77.8877 0.047354 0.047005 0.046725 38.9297 38.8712 39.3135
10000 154.491 154.587 154.584 0.09359 0.093451 0.093591 310.634 311.031 314.77 0.09387 0.094149 0.095337 153.539 157.23 157.274
20000 627.041 624.444 622.569 0.186272 0.186552 0.188299 1245.57 1245.27 1246.79 0.186413 0.186273 0.186273 618.342 618.658 624.531
50000 3876.84 3938.46 3910.23 0.476613 0.467743 0.465508 7814.09 7830.36 8065.92 0.466485 0.464949 0.465927 3897.19 3912.56 3889.75
75000 9011.65 8839.51 8990.35 0.699694 0.699554 0.751028 17652.3 17897.3 17917.4 0.714291 0.866689 0.71457 9024.02 9050.64 9067.15
100000 16002.7 15934.6 16107.9 0.932343 1.02482 0.931505 31708 31505 31676.1 0.936463 0.944076 1.04395 16145.9 16690.9 16077.4
150000 36299.3 36160.5 35993.9 1.42174 1.40435 1.53817 72557.2 72294.5 73044.9 1.41824 1.44925 1.41762 35655.1 36559.6 36371.4
