Data type 0
Function #0
Key 0
1000 1.589476
2000 6.316390
3000 15.428542
4000 37.556931
5000 42.161148
6000 61.764774
7000 77.960061
8000 112.580137
9000 132.424981
10000 162.623434
Key 1
1000 0.096158
5000 0.550601
10000 1.102277
20000 3.754360
50000 6.502350
100000 17.490173
200000 33.974659
500000 72.429260
750000 113.347009
1000000 149.511290
Function #1
Key 0
1000 1.605428
2000 6.207382
3000 14.334254
4000 25.826541
5000 38.407416
6000 56.105311
7000 76.695110
8000 96.015460
9000 122.822405
10000 151.332430
Key 1
1000 0.262813
5000 0.702114
10000 1.438703
20000 2.960782
50000 8.649830
100000 16.200050
200000 33.089644
500000 87.091838
750000 127.627513
1000000 172.951997
Data type 1
Function #0
Key 0
1000 0.099999
5000 0.660880
10000 1.406366
20000 2.939117
50000 7.272029
100000 15.067406
200000 33.632088
500000 82.912759
750000 133.522761
1000000 169.396670
Key 1
1000 0.122446
5000 0.923036
10000 1.920580
20000 3.978900
50000 11.428619
100000 23.247875
200000 50.324114
500000 96.105722
750000 166.922961
1000000 198.852220
Function #1
Key 0
1000 0.163037
5000 1.150720
10000 2.425798
20000 4.949415
50000 11.594157
100000 23.814288
200000 51.439661
500000 116.250381
750000 200.698614
1000000 231.319453
Key 1
1000 0.182467
5000 1.396253
10000 2.788581
20000 5.754769
50000 13.589774
100000 27.197093
200000 56.330186
500000 124.143439
750000 222.215166
1000000 256.766560
Data type 2
Function #0
Key 0
1000 0.167577
5000 0.964983
10000 2.007727
20000 4.150388
50000 10.788468
100000 22.802581
200000 46.892197
500000 130.826999
750000 181.749248
1000000 247.209422
Key 1
1000 0.195206
5000 1.108409
10000 2.316105
20000 4.716019
50000 12.333846
100000 27.776356
200000 52.909597
500000 140.600561
750000 209.011642
1000000 281.785107
Function #1
Key 0
1000 0.233717
5000 1.281700
10000 2.659151
20000 5.509611
50000 16.579847
100000 31.392920
200000 61.810716
500000 162.189063
750000 245.614261
1000000 333.257580
Key 1
1000 0.254865
5000 1.411437
10000 2.957527
20000 6.259931
50000 16.209465
100000 33.455766
200000 68.603717
500000 178.125155
750000 268.790255
1000000 369.134590
Data type 3
Function #0
Key 0
1000 0.167913
5000 1.076967
10000 2.546623
20000 4.992367
50000 15.311446
100000 30.573807
200000 71.552682
500000 200.004965
750000 309.394235
1000000 485.105438
Key 1
1000 0.170287
5000 0.924880
10000 1.892615
20000 3.893484
50000 10.571318
100000 22.998402
200000 43.342583
500000 112.423204
750000 167.796955
1000000 229.901437
Function #1
Key 0
1000 0.230001
5000 1.425908
10000 2.865616
20000 6.527102
50000 18.936683
100000 37.816935
200000 81.751396
500000 230.310023
750000 345.673992
1000000 483.288042
Key 1
1000 0.230937
5000 1.196172
10000 2.442950
20000 5.113640
50000 12.970520
100000 27.414271
200000 55.044728
500000 141.499642
750000 229.450416
1000000 306.314109
