Algorithm #1
Testing data #1
1000 3,40551
2000 6,99267
3000 14,0715
4000 29,0475
5000 39,2574
6000 57,3466
7000 76,5098
8000 108,584
9000 127,656
10000 157,773
Testing data #2
1000 0,009918
5000 0,046865
10000 0,093521
50000 0,469209
100000 0,944146
250000 2,39054
500000 4,83017
1000000 9,57179
1500000 14,4115
2000000 19,7972
Testing data #3
1000 3,06662
2000 12,365
3000 27,9614
4000 49,7138
5000 82,5413
6000 112,618
7000 152,661
8000 202,78
9000 261,689
10000 316,043
Testing data #4
1000 0,010197
5000 0,047075
10000 0,093661
50000 0,466835
100000 0,934997
250000 2,36581
500000 4,76843
1000000 10,2507
1500000 14,399
2000000 19,1663
Testing data #5
1000 1,58133
2000 6,32734
3000 13,9573
4000 24,5954
5000 39,4529
6000 69,1651
7000 78,1554
8000 101,111
9000 129,357
10000 157,459
Algorithm #2
Testing data #1
1000 0,231531
5000 1,55716
10000 3,31611
15000 5,35121
20000 7,42822
50000 23,4419
75000 33,668
100000 46,0841
150000 74,3784
200000 102,569
Testing data #2
1000 0,050148
5000 0,342024
10000 0,776382
15000 1,18608
20000 1,64803
50000 4,51504
75000 6,85403
100000 10,1411
150000 15,1989
200000 20,5087
Testing data #3
1000 0,106023
5000 0,601214
10000 1,48816
15000 2,01275
20000 3,16252
50000 8,25349
75000 13,2722
100000 16,2003
150000 27,3752
200000 47,3955
Testing data #4
1000 0,050497
5000 0,341675
10000 0,778198
15000 1,18797
20000 2,47072
50000 4,80601
75000 9,28124
100000 10,2992
150000 15,2785
200000 20,9119
Testing data #5
1000 0,101482
5000 0,632992
10000 1,34358
15000 2,10271
20000 2,85793
50000 7,82577
75000 13,7114
100000 16,4067
150000 25,648
200000 35,3303
Algorithm #3
Testing data #1
1000 2,49921
2000 11,514
3000 21,904
4000 38,7949
5000 64,7632
6000 87,4253
7000 118,776
8000 154,61
9000 196,713
10000 251,033
Testing data #2
1000 2,40499
2000 9,58876
3000 21,6056
4000 38,4233
5000 60,5837
6000 86,4429
7000 117,198
8000 153,303
9000 194,384
10000 256,255
Testing data #3
1000 2,53267
2000 11,6732
3000 23,0703
4000 42,3082
5000 81,507
6000 94,2751
7000 127,064
8000 164,909
9000 207,925
10000 277,918
Testing data #4
1000 2,43796
2000 9,68948
3000 23,1402
4000 39,7501
5000 63,6684
6000 89,5364
7000 121,076
8000 153,204
9000 194,26
10000 268,181
Testing data #5
1000 2,5305
2000 12,3246
3000 30,9708
4000 45,2121
5000 63,756
6000 88,5928
7000 120,628
8000 168,647
9000 201,599
10000 253,784
Algorithm #4
Testing data #1
1000 0,289711
5000 1,79617
10000 4,03186
15000 6,4481
20000 9,16914
50000 27,3207
75000 42,4409
100000 63,2792
150000 102,029
200000 135,096
Testing data #2
1000 0,285101
5000 1,77766
10000 3,8495
15000 7,40685
20000 8,31879
50000 22,7615
75000 36,0209
100000 49,087
150000 77,2157
200000 105,726
Testing data #3
1000 0,260936
5000 1,59635
10000 3,59771
15000 5,58798
20000 7,67456
50000 21,4904
75000 33,5711
100000 46,2525
150000 87,6853
200000 99,3088
Testing data #4
1000 0,034223
5000 0,162526
10000 0,328893
15000 0,484924
20000 0,659743
50000 1,64056
75000 2,46562
100000 3,29634
150000 4,90386
200000 6,54079
Testing data #5
1000 0,261564
5000 1,70886
10000 3,6751
15000 5,78291
20000 8,09809
50000 22,7768
75000 39,8008
100000 49,2117
150000 76,1008
200000 107,297
